1753290012658 0.435279420745865 0
1753290016404 0.1575540765263876 1
1753290020021 0.10240394232838115 2
1753290023636 0.08284644428740925 3
1753290027124 0.06971456617437959 4
1753290030476 0.058235874202242875 5
1753290034101 0.05032547223557261 6
1753290037571 0.04594170278075353 7
1753290041031 0.042427765951229386 8
1753290044735 0.039969046240675814 9
1753290048190 0.03740773833218019 10
1753290051621 0.03543057544842443 11
1753290055148 0.03395047975466645 12
1753290058892 0.03211614144447676 13
1753290062357 0.03051684128331218 14
1753290065756 0.029512020533559995 15
1753290069394 0.02831082729893591 16
1753290072842 0.027702664304357458 17
1753290076323 0.026536041626596365 18
1753290080000 0.026040123314120183 19
1753290012658 0.435279420745865 0
